lams(um), T1.27, T1.29, T1.31, T1.33
1.250000000000000	-31.47875147072607	-46.18121867610422	-43.67632154055804	-48.68651108085898
1.250250000000000	-29.95954600612550	-51.48066286781083	-42.62443148480666	-48.12071847105587
1.250500000000000	-28.78307421890522	-69.01717091860965	-41.91746440383327	-47.75888269745420
1.250750000000000	-27.88372175846597	-54.20786556078849	-41.58848563214751	-47.59702166664403
1.251000000000000	-27.21049398430181	-47.63905715629543	-41.67111019052518	-47.62672402182949
1.251250000000000	-26.72385772905262	-44.15895218477404	-42.21821276343741	-47.81943753069888
1.251500000000000	-26.39262327587649	-41.89398519273404	-43.32452646845544	-48.10301192591797
1.251750000000000	-26.19196189821894	-40.29952614681656	-45.16436728178486	-48.33446630392943
1.252000000000000	-26.10236234578741	-39.13938372987388	-48.03949631598896	-48.30540825457865
1.252250000000000	-26.10912452968601	-38.29200168245097	-51.96635824198873	-47.84394573638507
1.252500000000000	-26.20196415783609	-37.69194140422889	-52.40297332471999	-46.96165846223003
1.252750000000000	-26.37430897669940	-37.30761099327222	-48.04692005553537	-45.84501643633711
1.253000000000000	-26.62186868093524	-37.13140560955123	-44.44938299775481	-44.70501816056044
1.253250000000000	-26.93998235662137	-37.17507983709848	-41.93348557958139	-43.68449633832270
1.253500000000000	-27.31896998776695	-37.46840245382378	-40.16784981820304	-42.85801913360137
1.253750000000000	-27.73620736943663	-38.06142577825017	-38.94426324910867	-42.25916676325089
1.254000000000000	-28.14348298976843	-39.03233225905790	-38.14126341774639	-41.90177088720155
1.254250000000000	-28.45100368989965	-40.50457893817921	-37.68346741722888	-41.79160069616906
1.254500000000000	-28.52096988090220	-42.67401383924024	-37.52034308091250	-41.93185284788267
1.254750000000000	-28.20155044550538	-45.76145883820133	-37.61528628997450	-42.32488057706544
1.255000000000000	-27.41288083356844	-48.81579871735210	-37.93995439879301	-42.97051006999300
1.255250000000000	-26.20950357880314	-47.19130480874226	-38.47182335952888	-43.85873461034762
1.255500000000000	-24.73724705640098	-43.25924322134746	-39.19430731067541	-44.95041149423460
1.255750000000000	-23.14320341532695	-40.13174561649436	-40.10019030789913	-46.13647439535022
1.256000000000000	-21.52955035330241	-37.83984200873814	-41.19901871252289	-47.18233712345302
1.256250000000000	-19.95410998434659	-36.15655552318358	-42.53017738554833	-47.75382949468789
1.256500000000000	-18.44536738323812	-34.93246651705942	-44.18542515970488	-47.66755691124571
1.256750000000000	-17.01523937199208	-34.07798763217196	-46.35478683939650	-47.10365583600223
1.257000000000000	-15.66686723761375	-33.53890599843320	-49.45421531324241	-46.40225129676948
1.257250000000000	-14.39885794181838	-33.28232935339321	-54.66471153373951	-45.80515865555741
1.257500000000000	-13.20753934193101	-33.28914418933244	-69.06163371157231	-45.42197885322835
1.257750000000000	-12.08820794134781	-33.55016701634007	-57.22553256219702	-45.28198857134485
1.258000000000000	-11.03588264236059	-34.06468325427408	-50.73874413677652	-45.37122483939683
1.258250000000000	-10.04580738463338	-34.84096759165720	-47.33075554836464	-45.64671897332679
1.258500000000000	-9.113803963806635	-35.89899886060811	-45.24125572594866	-46.04060945715952
1.258750000000000	-8.236507737395398	-37.27626988026719	-43.96409651786811	-46.46788118670743
1.259000000000000	-7.411491052208166	-39.03882522362213	-43.29164542527127	-46.84925044944614
1.259250000000000	-6.637274420520201	-41.30226846518170	-43.12541543215657	-47.14653477729711
1.259500000000000	-5.913232673746333	-44.27102293612388	-43.41807260041082	-47.38503977090604
1.259750000000000	-5.239414306743003	-48.27075416976226	-44.15152686788777	-47.64093684410611
1.260000000000000	-4.616300974670399	-52.99338149656933	-45.32765268241354	-48.00731648359511
1.260250000000000	-4.044552258485334	-53.06184832099800	-46.96310716774214	-48.56828328324741
1.260500000000000	-3.524689162368079	-49.56628430941561	-49.08051925756511	-49.39164386373719
1.260750000000000	-3.056886826227029	-47.06954626067430	-51.67588600909924	-50.53406922279079
1.261000000000000	-2.640742664440214	-45.60146156979956	-54.59544348308505	-52.05132054973927
1.261250000000000	-2.275104237056342	-44.86482815757737	-57.22041366472477	-54.01163291556291
1.261500000000000	-1.957950080691908	-44.68112841573578	-58.52282058367749	-56.51553891740726
1.261750000000000	-1.686332875171286	-44.94750779145038	-58.55232157780915	-59.73113225435356
1.262000000000000	-1.456397287758748	-45.60161438635518	-58.32717592231308	-63.95129563591988
1.262250000000000	-1.263486848639776	-46.60383972589817	-58.40007599344576	-69.41630785548904
1.262500000000000	-1.102351751640981	-47.92885863928482	-58.88035865360465	-72.68410045495028
1.262750000000000	-0.9674590546281636	-49.56238766019865	-59.73599742741666	-69.98981612111288
1.263000000000000	-0.8533867009591657	-51.50181193732207	-60.90496675410218	-67.62541924449414
1.263250000000000	-0.7552556141585656	-53.76113145248992	-62.32402648441028	-66.39061303827378
1.263500000000000	-0.6691280579001633	-56.38287807300627	-63.93644797356880	-65.90462807798200
1.263750000000000	-0.5922878617852285	-59.46481017653037	-65.69622577001395	-65.91611953868352
1.264000000000000	-0.5233297610083355	-63.22669526226125	-67.57234298362319	-66.28037937021129
1.264250000000000	-0.4620227803646605	-68.22306386335754	-69.55100955246837	-66.91435425392331
1.264500000000000	-0.4089657064953592	-76.39020314170543	-71.62806962171672	-67.77388218402005
1.264750000000000	-0.3651028121212903	-83.93718383868153	-73.77226358781623	-68.84186823815729
1.265000000000000	-0.3311989903492744	-74.25385702260709	-75.82026840678486	-70.12112920832716
1.265250000000000	-0.3073871422404691	-70.48337146369964	-77.31386813286821	-71.62968516877787
1.265500000000000	-0.2928398047351620	-68.52925332575518	-77.67911693555430	-73.39840579032699
1.265750000000000	-0.2857053630867490	-67.44525590403308	-76.99993494076246	-75.47255864061701
1.266000000000000	-0.2832603070050598	-66.88107056090345	-75.92694004487953	-77.92088597102915
1.266250000000000	-0.2823020950701973	-66.66547141628408	-74.91586936231961	-80.86190710108060
1.266500000000000	-0.2797108003832351	-66.69786275426736	-74.12114437761466	-84.53776725532764
1.266750000000000	-0.2730645762964999	-66.91120699705976	-73.55618483441624	-89.55755518710930
1.267000000000000	-0.2611601498401202	-67.25878475471413	-73.18773675401884	-97.85434061641132
1.267250000000000	-0.2442943310666139	-67.71140626875481	-72.97362526946608	-99.23491952093511
1.267500000000000	-0.2242160321902796	-68.25978442634977	-72.87908009250815	-92.01074972411870
1.267750000000000	-0.2037466279214974	-68.91868808138999	-72.88500480839150	-88.17708407233150
1.268000000000000	-0.1861557421775306	-69.73015308105531	-72.99116648391140	-85.64028881801619
1.268250000000000	-0.1744361904333936	-70.76372277143093	-73.21474390197955	-83.74095839340751
1.268500000000000	-0.1706327733303497	-72.11012849560663	-73.58529545733003	-82.23921289504089
1.268750000000000	-0.1753553424984356	-73.84848409051293	-74.13824766882243	-81.04292115923667
1.269000000000000	-0.1875671482984738	-75.88336466754539	-74.90919168693189	-80.11945090011794
1.269250000000000	-0.2046979541805632	-77.36733340221588	-75.93076962504257	-79.45881264230130
1.269500000000000	-0.2230868038637123	-76.71418545439381	-77.23364216910292	-79.05648456224334
1.269750000000000	-0.2387028515083130	-74.43320911747807	-78.85383494805177	-78.90612541678517
1.270000000000000	-0.2480221000661319	-72.02662145804977	-80.85146835283645	-78.99892474424178
1.270250000000000	-0.2488771834326006	-69.94498756673077	-83.35143490693822	-79.32913862708261
1.270500000000000	-0.2410298094884830	-68.16757296251113	-86.61547636936220	-79.90689001674490
1.270750000000000	-0.2263577440264998	-66.59826132551387	-90.87464251907045	-80.78084253124067
1.271000000000000	-0.2085308315303995	-65.15779986229728	-92.36103931827662	-82.07727210713320
1.271250000000000	-0.1922884892764259	-63.80016186949788	-87.52536852251079	-84.07695240321900
1.271500000000000	-0.1824944666351023	-62.51002855585443	-82.98409446986419	-87.37343155331855
1.271750000000000	-0.1831817871457147	-61.29321523530133	-79.43545709955315	-92.00242673945652
1.272000000000000	-0.1967688261137310	-60.16491424298039	-76.55919926411450	-88.45436928247645
1.272250000000000	-0.2235705239795428	-59.13929608592900	-74.17997171869850	-82.41679539573657
1.272500000000000	-0.2616794904052892	-58.22230851153337	-72.21561607753954	-78.18649304504100
1.272750000000000	-0.3072576209191624	-57.40781923370159	-70.62450702636133	-75.06699752804084
1.273000000000000	-0.3552426487681379	-56.67641966041931	-69.38103263057772	-72.64800594176755
1.273250000000000	-0.4004107751801123	-55.99622570973489	-68.46539198805522	-70.70985273796197
1.273500000000000	-0.4386381762174540	-55.32532250221774	-67.85860785306160	-69.11471739597162
1.273750000000000	-0.4681008602656849	-54.61547651304372	-67.53144063844400	-67.76623698416871
1.274000000000000	-0.4901086499587802	-53.81597327018416	-67.39713407020838	-66.59704198982237
1.274250000000000	-0.5093417052900752	-52.87518148072756	-67.15635368237281	-65.56727218825394
1.274500000000000	-0.5334387784328076	-51.73723885497697	-66.07742178687079	-64.66583566905270
1.274750000000000	-0.5720895167563267	-50.33505698566725	-63.51289838919951	-63.91000328316170
1.275000000000000	-0.6359042316690228	-48.59053989592401	-59.94520393366025	-63.34185753470080
1.275250000000000	-0.7353343430956429	-46.43999180814049	-56.21398477636281	-63.02112007842022
1.275500000000000	-0.8797816078473023	-43.88210081877561	-52.71760244889170	-63.00746928897185
1.275750000000000	-1.077004078576733	-41.00274173382585	-49.56745611417696	-63.29413787394078
1.276000000000000	-1.332717789225232	-37.94214208196119	-46.78068658415908	-63.56086630667332
1.276250000000000	-1.650344926700288	-34.83880719470889	-44.34995666276441	-62.76104556015092
1.276500000000000	-2.030826174577292	-31.79735106961359	-42.26318379774796	-60.12161088648930
1.276750000000000	-2.472451824916597	-28.88501523404337	-40.50880233812865	-56.63172340269747
1.277000000000000	-2.970715697725739	-26.14038007553301	-39.07728573894058	-53.28248647370899
1.277250000000000	-3.518259972283019	-23.58290728558495	-37.96189767466838	-50.36810026161485
1.277500000000000	-4.105051143385700	-21.21990761946795	-37.15953660610435	-47.92041782934601
1.277750000000000	-4.718984923843131	-19.05100281582431	-36.67202052411206	-45.91871964752242
1.278000000000000	-5.347111317540657	-17.07088112021574	-36.50807691129197	-44.34067805707927
1.278250000000000	-5.977534174948993	-15.27102111790234	-36.68636255472057	-43.17151334229321
1.278500000000000	-6.601747115089354	-13.64081828011119	-37.23997628938691	-42.40454851264717
1.278750000000000	-7.216823085467432	-12.16836844572644	-38.22297457702908	-42.04092768055675
1.279000000000000	-7.826721666269521	-10.84105073766862	-39.71788288022147	-42.09037839352472
1.279250000000000	-8.442224335679478	-9.645987870773455	-41.82959534816365	-42.57386786355942
1.279500000000000	-9.079573970769479	-8.570426371052346	-44.55301688656412	-43.52947253640178
1.279750000000000	-9.758415172454146	-7.602061036887200	-46.94228265960306	-45.02458724868907
1.280000000000000	-10.49978497694666	-6.729318843877213	-46.48353408742305	-47.18270683243644
1.280250000000000	-11.32469883988450	-5.941620817403474	-44.08276354940964	-50.24908885893474
1.280500000000000	-12.25347848185426	-5.229574344858854	-41.93107703837551	-54.77244393786105
1.280750000000000	-13.30587058378493	-4.585182599980439	-40.43758550068346	-61.78098515137851
1.281000000000000	-14.50174057700833	-4.001952248733782	-39.52839717145338	-62.65562408222612
1.281250000000000	-15.86234146341649	-3.474917994497605	-39.10250090710707	-57.46539274402946
1.281500000000000	-17.41226932976302	-3.000545902271693	-39.08598241407483	-54.73096459866450
1.281750000000000	-19.18249593569522	-2.576500437751497	-39.42864168847206	-53.40304268832652
1.282000000000000	-21.21528398681913	-2.201283390670589	-40.09643526012061	-52.91506586686877
1.282250000000000	-23.57233143831834	-1.873780071536840	-41.06591504199657	-53.00121752566464
1.282500000000000	-26.34709827332862	-1.592771883113459	-42.32063241062524	-53.51553630159063
1.282750000000000	-29.67079630033968	-1.356488337728673	-43.84903812254784	-54.36684093972549
1.283000000000000	-33.59017227822302	-1.162272390756072	-45.64370503550565	-55.49277577800520
1.283250000000000	-36.99091057930559	-1.006419779632232	-47.70206540234759	-56.84885818839090
1.283500000000000	-36.65379361665585	-0.8842267875139761	-50.02930462744636	-58.40432481922940
1.283750000000000	-34.22790878824484	-0.7902439811720372	-52.64480996547673	-60.14167702487065
1.284000000000000	-32.14888841135981	-0.7186913832385470	-55.59522268135662	-62.05887298774659
1.284250000000000	-30.65939750361114	-0.6639528139160846	-58.98141448982928	-64.17439499805444
1.284500000000000	-29.63707555331922	-0.6210462329255829	-63.01870226638208	-66.53698106425936
1.284750000000000	-28.98368716686080	-0.5859727615223341	-68.17198856849245	-69.24517453068592
1.285000000000000	-28.64494338921060	-0.5558801939384127	-74.89662181270936	-72.49176760091746
1.285250000000000	-28.59676938757189	-0.5290433919890116	-75.70802432356516	-76.68282167609682
1.285500000000000	-28.83454164683228	-0.5046053763610745	-71.38796515047659	-82.77638338399500
1.285750000000000	-29.36666783055182	-0.4823177565806004	-68.69741466986198	-89.35925737197995
1.286000000000000	-30.20945877599428	-0.4621785675631195	-67.10281814192231	-83.81711953702661
1.286250000000000	-31.37766524613624	-0.4441266281471114	-66.15989780966956	-79.79200182619485
1.286500000000000	-32.85543889868934	-0.4278356226487485	-65.65506982791833	-77.59223283788005
1.286750000000000	-34.50769665585960	-0.4126525462173117	-65.47624941139105	-76.36489560898285
1.287000000000000	-35.89307052569661	-0.3976994569172134	-65.55690749555492	-75.74605906221316
1.287250000000000	-36.28823321871833	-0.3821188854534935	-65.85226243933506	-75.55129075212514
1.287500000000000	-35.53978642538500	-0.3653965077264575	-66.32969729649511	-75.67100618237565
1.287750000000000	-34.31906582481984	-0.3476560651157768	-66.96679123305512	-76.03406708880543
1.288000000000000	-33.19342186364192	-0.3298128909554142	-67.75410802848944	-76.59577029232470
1.288250000000000	-32.37479541748884	-0.3135068639986986	-68.70095381675890	-77.33583103597951
1.288500000000000	-31.90967752136789	-0.3008047121046761	-69.84273058399737	-78.26036506268932
1.288750000000000	-31.79833943816676	-0.2937367217767817	-71.24931723651841	-79.40531541700679
1.289000000000000	-32.03690690918692	-0.2937825424547129	-73.03453260624373	-80.84168144484535
1.289250000000000	-32.63127808424176	-0.3014299039116054	-75.35768560124652	-82.68625436889295
1.289500000000000	-33.60375064648274	-0.3159058829743718	-78.31007699469360	-85.12273293613552
1.289750000000000	-34.99968131215572	-0.3351417325572954	-80.93427446912611	-88.39845373142762
1.290000000000000	-36.89590413576303	-0.3559941937291871	-80.05600803287982	-92.19509942018072
1.290250000000000	-39.39836712294029	-0.3747298148741564	-76.97243485502420	-92.37139685319649
1.290500000000000	-42.51126439122299	-0.3876280295779537	-74.22942096250362	-88.69291058426934
1.290750000000000	-45.20055262890519	-0.3917895680675950	-72.09861201172336	-85.40253536994445
1.291000000000000	-44.63704008734577	-0.3858145243870045	-70.41071086387532	-82.85687084064035
1.291250000000000	-42.00290717516317	-0.3702681107572882	-69.00379912696522	-80.78411333026897
1.291500000000000	-39.58126228470435	-0.3477677195652698	-67.75981626509912	-78.98793385788179
1.291750000000000	-37.67801259585738	-0.3226314257506188	-66.60036686960990	-77.35697318532456
1.292000000000000	-36.16601408605037	-0.3001477795888541	-65.48155305916450	-75.84095143241768
1.292250000000000	-34.92192133360846	-0.2856271273760495	-64.38802029162321	-74.43305407541069
1.292500000000000	-33.86888653935342	-0.2834365592179205	-63.32476424799572	-73.15554805850903
1.292750000000000	-32.96855618146889	-0.2962009056865841	-62.30756171723061	-72.04738126868321
1.293000000000000	-32.20859871880478	-0.3242984278436307	-61.35399578595377	-71.15476026674457
1.293250000000000	-31.59178527637750	-0.3657243341318483	-60.47653144034631	-70.52582326084892
1.293500000000000	-31.12806171438744	-0.4163534647452996	-59.67802567185930	-70.20973595122953
1.293750000000000	-30.82982826658978	-0.4705986392676365	-58.94936461374382	-70.25946617613755
1.294000000000000	-30.70978976984649	-0.5224139977185953	-58.26878303942770	-70.73354162169242
1.294250000000000	-30.78041803845756	-0.5665197330571659	-57.60247096263204	-71.66839404046425
1.294500000000000	-31.05415276734310	-0.5996373909283572	-56.90578949319033	-72.86382046719154
1.294750000000000	-31.54361289400881	-0.6214662957646158	-56.12345677514901	-73.06682640280479
1.295000000000000	-32.26097491003896	-0.6351548997460641	-55.18589781696830	-70.52679350557858
1.295250000000000	-33.21491120316892	-0.6471502526555232	-54.00041550275299	-66.53825327565120
1.295500000000000	-34.40125221628385	-0.6664605361101985	-52.44623858572206	-62.63118993623588
1.295750000000000	-35.77879514449127	-0.7035900130799342	-50.40170901864582	-59.11797277865811
1.296000000000000	-37.21685775706733	-0.7693618592078586	-47.82027105107565	-55.98357939266307
1.296250000000000	-38.42776243526404	-0.8738710064731543	-44.79074988033214	-53.18604581433878
1.296500000000000	-39.02802396868316	-1.025680187057151	-41.49719933748172	-50.69854523525630
1.296750000000000	-38.87996972921550	-1.231280779207039	-38.12536858447706	-48.50727876283680
1.297000000000000	-38.26081772511982	-1.494778684164139	-34.80996667865237	-46.60576366583457
1.297250000000000	-37.53591474240878	-1.817743876094241	-31.63215558668212	-44.99141012264189
1.297500000000000	-36.91676687501934	-2.199170852723193	-28.63501790202429	-43.66444792330383
1.297750000000000	-36.47855972365328	-2.635524754743541	-25.83812236262476	-42.62857728320409
1.298000000000000	-36.22829477004603	-3.120886561299548	-23.24721648720320	-41.89290185023008
1.298250000000000	-36.14507353106617	-3.647253775003190	-20.86005342040930	-41.47498649165027
1.298500000000000	-36.19890964137510	-4.205088493094688	-18.66984129226488	-41.40521869660709
1.298750000000000	-36.36087808048720	-4.784209940016426	-16.66732513501119	-41.73317737595755
1.299000000000000	-36.61059683588603	-5.375072470709638	-14.84207504787727	-42.53747685815438
1.299250000000000	-36.94190358947704	-5.970334387283160	-13.18328790289221	-43.94013555994018
1.299500000000000	-37.36491361404764	-6.566438392814244	-11.68026641214774	-46.10976850611859
1.299750000000000	-37.90207591280733	-7.164790561624065	-10.32266815808466	-49.06127834849320
1.300000000000000	-38.57555189722115	-7.772162353114530	-9.100586263841077	-51.07573505383559
1.300250000000000	-39.37935061050353	-8.400172132782798	-8.004502674467826	-49.06353235906387
1.300500000000000	-40.22103544799189	-9.064099783567775	-7.025221227694531	-45.98090137715426
1.300750000000000	-40.83146438171036	-9.781347889960788	-6.153720849666309	-43.68617350107203
1.301000000000000	-40.78260413068639	-10.57010189564617	-5.381086365803906	-42.19669183837640
1.301250000000000	-39.86725614369902	-11.44842721914597	-4.698494736575936	-41.35121089072015
1.301500000000000	-38.38413522515843	-12.43392202517677	-4.097281537060176	-41.03184936219956
1.301750000000000	-36.76922714072280	-13.54390770145389	-3.569078444324508	-41.16262498190482
1.302000000000000	-35.27759310896987	-14.79610567420796	-3.105991637051225	-41.69539502911191
1.302250000000000	-34.00466761101980	-16.20979674571636	-2.700777767476473	-42.60101819589276
1.302500000000000	-32.97219315799130	-17.80757271611593	-2.346972661668128	-43.86497966837503
1.302750000000000	-32.17572308650327	-19.61797159392115	-2.038939341341514	-45.48619629453331
1.303000000000000	-31.60377302694202	-21.67953761932850	-1.771823765984946	-47.47883871277674
1.303250000000000	-31.24468896780037	-24.04699136868805	-1.541432815507248	-49.87855701012354
1.303500000000000	-31.08888219586536	-26.79876455279039	-1.344071463115654	-52.75753940163253
1.303750000000000	-31.12942884214202	-30.03179176083313	-1.176387198347134	-56.26119955423091
1.304000000000000	-31.36216726659100	-33.73288589154316	-1.035264798222010	-60.70813124074699
1.304250000000000	-31.78574239901929	-36.95891117992606	-0.9177937160934934	-66.90470368803757
1.304500000000000	-32.40181877363374	-37.18180402955650	-0.8212999005579100	-75.63091974592145
1.304750000000000	-33.21564325082006	-35.26530127642930	-0.7434051372051507	-71.89034068814824
1.305000000000000	-34.23718771368203	-33.41793847059412	-0.6820626883903923	-67.59458629204659
1.305250000000000	-35.48317940230631	-32.06771060466356	-0.6355198297455629	-65.42443427128045
1.305500000000000	-36.98032154804123	-31.15974684753316	-0.6022219671478748	-64.24739303749961
1.305750000000000	-38.76898115727344	-30.61749309037491	-0.5806176019785527	-63.61616461383132
1.306000000000000	-40.90100540789155	-30.39614441447715	-0.5689717434371924	-63.33033322362665
1.306250000000000	-43.39439058792019	-30.47779258135023	-0.5652136167400430	-63.29219421742906
1.306500000000000	-45.96760554826016	-30.86255280193501	-0.5668716750474962	-63.45352717492985
1.306750000000000	-47.30272880039076	-31.56028163513003	-0.5711233592146807	-63.79147753767030
1.307000000000000	-46.12628285664524	-32.57706250357845	-0.5749659817010068	-64.29582605165908
1.307250000000000	-43.82911685572275	-33.87859314486404	-0.5754964865532659	-64.96176887329192
1.307500000000000	-41.66496577978684	-35.28879348257080	-0.5702698827338524	-65.78610473048680
1.307750000000000	-39.88776551370803	-36.31578828673278	-0.5576853952772340	-66.76619409749959
1.308000000000000	-38.47856789238887	-36.30129545890117	-0.5373269320330141	-67.90172905829810
1.308250000000000	-37.38928770947957	-35.26163847113137	-0.5101696343558139	-69.19954826404246
1.308500000000000	-36.58395931356642	-33.86344885398747	-0.4785712144871211	-70.68129447910991
1.308750000000000	-36.04117144845222	-32.58940882159349	-0.4460042641454098	-72.39183865749501
1.309000000000000	-35.75144555238506	-31.61100323597251	-0.4165473158642622	-74.39876738797912
1.309250000000000	-35.71545007392018	-30.96258649128634	-0.3942165882005411	-76.73517904531320
1.309500000000000	-35.94394031678873	-30.63933378507931	-0.3822624869004313	-79.06975021751472
1.309750000000000	-36.45978019840449	-30.63127521685395	-0.3825623276183673	-79.92725487495468
1.310000000000000	-37.30300850196021	-30.93366444154202	-0.3952178941802486	-78.31184290618708
1.310250000000000	-38.54153587830351	-31.55001011620057	-0.4184513779475537	-75.87985458095230
1.310500000000000	-40.29393304381822	-32.49242036616464	-0.4487136932682225	-73.73477731710526
1.310750000000000	-42.78196198324311	-33.77886393317551	-0.4812291847026620	-72.04050816973201
1.311000000000000	-46.45071761765794	-35.41909247625504	-0.5106971560063942	-70.73263933438220
1.311250000000000	-51.82319878192294	-37.35948651718440	-0.5321728372828711	-69.71837448442484
1.311500000000000	-52.47864020046958	-39.30784436700369	-0.5419627848961180	-68.90941182530085
1.311750000000000	-47.22966168797829	-40.47465060010459	-0.5383592199837018	-68.22652468897066
1.312000000000000	-43.59623156763437	-40.14182214873571	-0.5220436458442960	-67.60254459867622
1.312250000000000	-41.18419736239557	-38.81693599430441	-0.4960504092209862	-66.98699587176394
1.312500000000000	-39.50421072151602	-37.32905380017502	-0.4652838819220514	-66.35037725134752
1.312750000000000	-38.30506378654131	-36.00880558895032	-0.4356908058667586	-65.68521247848884
1.313000000000000	-37.44534036931866	-34.89877362677554	-0.4132604904244254	-65.00241271394808
1.313250000000000	-36.83633719129455	-33.96266763161978	-0.4030407274949279	-64.32388410713304
1.313500000000000	-36.41801172075703	-33.15849886577124	-0.4083273898401318	-63.67387154987011
1.313750000000000	-36.14866992553386	-32.45909674346593	-0.4301377685704981	-63.07139771758588
1.314000000000000	-36.00082708984926	-31.85530998975489	-0.4670343249676585	-62.52498256457025
1.314250000000000	-35.95980571259413	-31.35259931865709	-0.5153326210999827	-62.02970022011600
1.314500000000000	-36.02322829726867	-30.96551973906824	-0.5696948198476158	-61.56599696805640
1.314750000000000	-36.20049122991219	-30.71279784455292	-0.6240624490218682	-61.09927717705014
1.315000000000000	-36.51212023894501	-30.61428726030749	-0.6728118666300146	-60.57856554768578
1.315250000000000	-36.98966135906523	-30.68995028369270	-0.7119864817547079	-59.93163220957523
1.315500000000000	-37.67701184479574	-30.96014389755449	-0.7401191282998425	-59.05442118227414
1.315750000000000	-38.63545700970568	-31.44716455599690	-0.7589137161653581	-57.80231010819725
1.316000000000000	-39.95519586797126	-32.17716313246817	-0.7731864734757611	-56.01243747796409
1.316250000000000	-41.78101034078470	-33.18221718347851	-0.7903492294509533	-53.58907737627754
1.316500000000000	-44.36949627862683	-34.50108697132695	-0.8195494181779664	-50.59401661241778
1.316750000000000	-48.18552953088533	-36.17275140937527	-0.8706785478288102	-47.22099992938875
1.317000000000000	-53.00806679395943	-38.19862126380384	-0.9534300529411667	-43.68393489975969
1.317250000000000	-51.24846079053840	-40.38895727124109	-1.076514050962555	-40.14462964219202
1.317500000000000	-46.46774586658397	-41.99301112564981	-1.247063422655238	-36.70476453768922
1.317750000000000	-43.15498454023839	-41.96530684034474	-1.470217981619755	-33.42242364132363
1.318000000000000	-40.87768953794490	-40.66603255139497	-1.748855577966702	-30.32830892652294
1.318250000000000	-39.26565314681265	-39.18060662222479	-2.083443519399962	-27.43643274375650
1.318500000000000	-38.12220343077761	-37.97667606599958	-2.472001412764183	-24.75050411106864
1.318750000000000	-37.33613262169263	-37.12769109611079	-2.910190366337047	-22.26775801108417
1.319000000000000	-36.83915671847355	-36.60056643307701	-3.391567796338335	-19.98136949458709
1.319250000000000	-36.58614518706032	-36.34407248422925	-3.908064268240742	-17.88208030474914
1.319500000000000	-36.54526227289837	-36.30821589588705	-4.450736462613825	-15.95936241352168
1.319750000000000	-36.69278928959348	-36.44744000138282	-5.010812710634998	-14.20227798429550
1.320000000000000	-37.01050769058898	-36.72188964414320	-5.580965348938328	-12.60010767121723
1.320250000000000	-37.48488314146410	-37.10029439400682	-6.156675577541750	-11.14281927904626
1.320500000000000	-38.10763486356292	-37.56395773991876	-6.737202381340410	-9.821171166456667
1.320750000000000	-38.87818847558754	-38.10950546902191	-7.326315714888821	-8.626900326557170
1.321000000000000	-39.80767606265412	-38.74546178943581	-7.932199706931129	-7.552584404863013
1.321250000000000	-40.92469749058800	-39.47704742587386	-8.566786158606584	-6.591434725257679
1.321500000000000	-42.28249409991556	-40.27006970440186	-9.244700589968572	-5.737026144231881
1.321750000000000	-43.96516828605412	-40.98350857615242	-9.982125883593447	-4.983016267930960
1.322000000000000	-46.07499421463498	-41.30674053832936	-10.79584905149803	-4.322901463749734
1.322250000000000	-48.57856021736786	-40.89056023144094	-11.70265110445926	-3.749845142596433
1.322500000000000	-50.47983216676889	-39.72544151516384	-12.71909624057583	-3.256597789095856
1.322750000000000	-49.50325109734691	-38.17120465182317	-13.86171579211991	-2.835511498431954
1.323000000000000	-46.64973804281369	-36.58083086351647	-15.14757322911890	-2.478637507921579
1.323250000000000	-43.91920337996758	-35.13785761591883	-16.59523162368227	-2.177885920976554
1.323500000000000	-41.71042582265927	-33.90834515375908	-18.22621808233012	-1.925223916606888
1.323750000000000	-39.97042610711159	-32.90599517177918	-20.06719079235909	-1.712891944286051
1.324000000000000	-38.61216950065355	-32.12560345147547	-22.15314458432200	-1.533624390938594
1.324250000000000	-37.57024575953675	-31.55679599365495	-24.53194431345678	-1.380867842972316
1.324500000000000	-36.80000470479151	-31.18919326089558	-27.26898692803674	-1.248991695168832
1.324750000000000	-36.27154056029641	-31.01421381842001	-30.44022847040719	-1.133479543613486
1.325000000000000	-35.96517942692410	-31.02562436178414	-34.03676748650786	-1.031076744139914
1.325250000000000	-35.86867831064929	-31.21968179952553	-37.41657185144879	-0.9398718419375203
1.325500000000000	-35.97557538550896	-31.59513038569163	-38.52245266604575	-0.8591909021237742
1.325750000000000	-36.28450637898454	-32.15338193370650	-37.22811805278897	-0.7894327888464759
1.326000000000000	-36.79919560984859	-32.89885379959952	-35.60572735364458	-0.7316887008534624
1.326250000000000	-37.52928091010419	-33.83969878892660	-34.36392289751797	-0.6872641433243823
1.326500000000000	-38.49232894593218	-34.98910733225585	-33.53130553957200	-0.6571600699860095
1.326750000000000	-39.71795548458708	-36.36732823609335	-33.05187128614619	-0.6416014335669796
1.327000000000000	-41.25620397567276	-38.00396464619773	-32.89155422261724	-0.6396963712067359
1.327250000000000	-43.19565096448878	-39.93697481656069	-33.04579265164212	-0.6492880593830761
1.327500000000000	-45.70728202729958	-42.19003100223841	-33.53507975218404	-0.6670318169243713
1.327750000000000	-49.17315201425812	-44.64655228948811	-34.40214010475209	-0.6886983205978259
1.328000000000000	-54.71608295407084	-46.60820545457592	-35.70846535908496	-0.7096717749264151
1.328250000000000	-67.78522554606027	-46.67352764191485	-37.50674821713421	-0.7255792833953819
1.328500000000000	-57.41655429349262	-44.96629802587804	-39.66928788535916	-0.7329562649752330
1.328750000000000	-51.14756491452874	-42.89036193390979	-41.23440489446980	-0.7298297894520134
1.329000000000000	-47.64873976793563	-41.06211105262685	-40.50552736256204	-0.7160990373049123
1.329250000000000	-45.26351913000870	-39.57640629223418	-38.23585828477964	-0.6936196576847762
1.329500000000000	-43.49328944042301	-38.41047395496091	-36.01457992131242	-0.6659557603726822
1.329750000000000	-42.13079614600517	-37.53234515359922	-34.27626518901366	-0.6378343349736001
1.330000000000000	-41.07681119883114	-36.92023965602851	-33.02219953134253	-0.6143987275471487
1.330250000000000	-40.28125839815899	-36.56382678391356	-32.19367357686667	-0.6003883504716484
1.330500000000000	-39.71963213530498	-36.46315705504776	-31.74362535277646	-0.5993956175952541
1.330750000000000	-39.38246996284627	-36.62853839626669	-31.64459953077377	-0.6132759233343436
1.331000000000000	-39.27075457935195	-37.08234095586736	-31.88731531221439	-0.6418275379617049
1.331250000000000	-39.39458503010292	-37.86377810014879	-32.47979414545745	-0.6827711425169860
1.331500000000000	-39.77429029606455	-39.03910878294359	-33.44882579456087	-0.7320456514783338
1.331750000000000	-40.44432851516028	-40.72325147723079	-34.84355829001251	-0.7843921503877296
1.332000000000000	-41.46187192220712	-43.12741404816058	-36.73597842626449	-0.8341478993039190
1.332250000000000	-42.92556949351880	-46.65275295822979	-39.18146750746569	-0.8761213855927462
1.332500000000000	-45.02124622356666	-51.57080026161925	-41.92463698637290	-0.9063861031711026
1.332750000000000	-48.15776859233797	-51.92728518422380	-43.39162748283578	-0.9228364683537307
1.333000000000000	-53.54489997280245	-47.03795621186261	-42.03411482162105	-0.9254024169791681
1.333250000000000	-67.46317506980422	-43.44771792928321	-39.70432927271206	-0.9159043292030608
1.333500000000000	-55.20023840990673	-40.98726778848663	-37.71741096230431	-0.8976137154861967
1.333750000000000	-49.00937009241427	-39.22672214567483	-36.22105457659434	-0.8746369176485133
1.334000000000000	-45.57270825348919	-37.93245729101737	-35.12634020904709	-0.8512491218564926
1.334250000000000	-43.28736204031799	-36.97146617172461	-34.33640450616023	-0.8312867140780373
1.334500000000000	-41.65152864115126	-36.26088547247067	-33.77420271301951	-0.8176786005004278
1.334750000000000	-40.43979527610823	-35.74519621550744	-33.38094443935365	-0.8121759180736667
1.335000000000000	-39.52889850556648	-35.38563193412433	-33.11346230315871	-0.8153249071630106
1.335250000000000	-38.84246840613334	-35.15529750254833	-32.94374015860848	-0.8267070900307951
1.335500000000000	-38.32944014387966	-35.03711784899259	-32.85946177668917	-0.8454417415995201
1.335750000000000	-37.95466908779596	-35.02307931770241	-32.86383888162441	-0.8708650109547472
1.336000000000000	-37.69468883793009	-35.11385122308504	-32.97379648023173	-0.9032600471072791
1.336250000000000	-37.53572452478289	-35.31826935023257	-33.21690944141391	-0.9444494003689051
1.336500000000000	-37.47259210085461	-35.65257230916838	-33.62839864249364	-0.9980858068306815
1.336750000000000	-37.50783339743322	-36.13961658957393	-34.24946700403393	-1.069558693065608
1.337000000000000	-37.65089927405525	-36.80845986598692	-35.12754960721831	-1.165549596414624
1.337250000000000	-37.91751698035890	-37.69461933814355	-36.31785711622940	-1.293363978878892
1.337500000000000	-38.32958400029560	-38.84081774209022	-37.88226857503921	-1.460200020698260
1.337750000000000	-38.91608091057825	-40.29621941375930	-39.86703632071296	-1.672485995282976
1.338000000000000	-39.71574731699192	-42.10484109093269	-42.17657581980356	-1.935356543777742
1.338250000000000	-40.78293937754488	-44.24391876844189	-44.11848572865750	-2.252279412711447
1.338500000000000	-42.19998578469318	-46.38341931079416	-44.24972981476772	-2.624808576622117
1.338750000000000	-44.10512503637023	-47.47694316099060	-42.68950121260582	-3.052430457624844
1.339000000000000	-46.76597322560820	-46.71971445434742	-40.87441995668137	-3.532480433165249
1.339250000000000	-50.83049669613753	-45.04848762481554	-39.41161396135456	-4.060128089010584
1.339500000000000	-58.77146837930862	-43.43349687448324	-38.37431229312909	-4.628454473467734
1.339750000000000	-63.44705821851700	-42.15085077632266	-37.71878525488330	-5.228667069667755
1.340000000000000	-52.88958092992874	-41.20954530917481	-37.39351846551285	-5.850511532444610
1.340250000000000	-48.44472267834237	-40.56493394377360	-37.35791039198276	-6.482941062762825
1.340500000000000	-45.77509754270893	-40.17151126500474	-37.58210231507708	-7.115026793485329
1.340750000000000	-43.98787766952886	-39.99242139962402	-38.04302975054963	-7.737131174011310
1.341000000000000	-42.74666493575510	-39.99955666957611	-38.71843061079785	-8.342133824679618
1.341250000000000	-41.88529153156668	-40.17231003200357	-39.57678387121209	-8.926532052302006
1.341500000000000	-41.30640978806552	-40.49684875849393	-40.55886191886231	-9.491183470533981
1.341750000000000	-40.94516969554127	-40.96645483982797	-41.54754394542021	-10.04154186827189
1.342000000000000	-40.75387653889874	-41.58332961026964	-42.34027121960740	-10.58737841997023
1.342250000000000	-40.69527173111724	-42.36248763439334	-42.68767799388286	-11.14211965103595
1.342500000000000	-40.74019152696646	-43.33897422315076	-42.45239720657971	-11.72200826661348
1.342750000000000	-40.86774814767276	-44.58129515405491	-41.72784474936351	-12.34528491485158
1.343000000000000	-41.06678120356448	-46.21900787881420	-40.72981178395857	-13.03152722446852
1.343250000000000	-41.33743549811658	-48.50985894801128	-39.63358498333640	-13.80121259650347
1.343500000000000	-41.69200119536672	-52.04269750434750	-38.53062885253571	-14.67552535533821
1.343750000000000	-42.15485003467082	-58.37412723698878	-37.45727838434227	-15.67641684809968
1.344000000000000	-42.76220156868325	-59.53757818921984	-36.42764450199734	-16.82694467702840
1.344250000000000	-43.56320719083558	-51.69476105088458	-35.45260882892389	-18.15195729169970
1.344500000000000	-44.62451737468771	-47.02600276711026	-34.54697212780104	-19.67924673962674
1.344750000000000	-46.04196303920680	-43.85120870258774	-33.72972675742181	-21.44134736625907
1.345000000000000	-47.96740740865678	-41.49688046326623	-33.02159912659729	-23.47810703087612
1.345250000000000	-50.67098210786283	-39.68363528421947	-32.44251557611496	-25.83946431733535
1.345500000000000	-54.66281840309522	-38.27289730474981	-32.01008398688832	-28.58371168129464
1.345750000000000	-59.87368154496529	-37.18690491200626	-31.73929104296804	-31.74519711601002
1.346000000000000	-58.03111168657068	-36.37794069345340	-31.64301166474709	-35.14556444808208
1.346250000000000	-53.17395028785658	-35.81466298328974	-31.73304354495303	-37.76494092999570
1.346500000000000	-49.94364314521128	-35.47539723250458	-32.02146899888928	-38.07458863159508
1.346750000000000	-47.79950375068041	-35.34463649703982	-32.52232052659897	-36.90157177279954
1.347000000000000	-46.35572163326636	-35.41119218217463	-33.25366948263471	-35.68010196100274
1.347250000000000	-45.41795617774260	-35.66730110425910	-34.24036224188205	-34.80515416958492
1.347500000000000	-44.88332428973836	-36.10838594285683	-35.51758427930497	-34.29081176089277
1.347750000000000	-44.69609144811339	-36.73338181672342	-37.13457915263593	-34.10409646111967
1.348000000000000	-44.82824919605793	-37.54571208715310	-39.15268145864087	-34.23243636652062
1.348250000000000	-45.27071793456441	-38.55521081080182	-41.60380494250605	-34.69294170538016
1.348500000000000	-46.02944859563941	-39.78166827386893	-44.24445457251813	-35.53506727393012
1.348750000000000	-47.12332266199903	-41.26148342851813	-45.81938003485567	-36.84808589990398
1.349000000000000	-48.57928423482551	-43.06086951269573	-44.93100842127365	-38.77029115781838
1.349250000000000	-50.40924423664057	-45.30451445953030	-42.86320005310903	-41.42606038040159
1.349500000000000	-52.51008118484156	-48.24616932995388	-40.92578485021131	-44.16289466239576
1.349750000000000	-54.34517436800328	-52.46916652537075	-39.38088743831592	-43.68944459237568
1.350000000000000	-54.75307399289439	-59.12310093831899	-38.18945827325567	-40.40902970474639
